31414141424242 222
11231313131313 123
1231312313131 122
123456789 111
1213231313131 123
123131311111111111111111111111111111111 111
11111111111111111111111122222222222222222 111
3131313111313 111
31321321313131 123
241414141414141 111
3132113131 111
3123213213131 122
23313213131 111
213132131231231 111
12313123131 111
321313131313 111
121212121212122 111
321313123132131231 111
32132131313131313 111
32132131313213131 111
2313123131313131 111
1231313131 111
213131313131313 111
1321312313131 123
2324324324242342 222
2313213213131 111
123313131313 123
213213213131 122
1313123131 111
213131232131 111
123213213131 111
1231321313 112
12313213131 111
12332131311 111
23132131332331 999
231321313131 111
213132113333 111
31313131313131 11
1231321321313 111
23131313131 111
12313213213131 112
1231313123131 111
131132131313 121
12331313131313131 111
131232131313131 111
3123213131313 111
23311313131 123
12312131313 123
23131313131313131 333
123131231231 122
123313213131 123
123131313123 123
214142141414141 121
1231313213131 123
2133131313131 123
213131313131 123
888888888888 222
888888888888 888
22313213131231 123
3213123131313131 120
1231321313131 111
13213131231 123
213131 122
23132132131231 888
8888888888 000
12313131313113 555
212121212121 222
3123132131231 122
3213213131231 122
12313213123 121
12121212121212 121
1212121212121 222
13131313113232 223
1112121212121 000
